473306;474008;78
474101;474008;19
474608;474101;60
470007;479904;101
470007;474101;72
471601;479904;17
471103;479904;90
419104;470007;90
3283;470007;62
3283;475509;14
3283;476003;91
476003;476304;24
476304;476408;36
462405;463003;49
462405;476304;129
477608;463003;38
478102;477608;80
463003;454201;88
463003;464504;105
464504;476304;88
466001;464504;84
466001;466603;8
454201;451100;111
453603;464504;75
466603;416708;8
442806;454502;65
482004;454502;114
452009;451100;25
441606;452009;98
456033;452009;53
456404;456809;44
456809;457106;18
457106;458221;37
458221;467108;24
467108;466603;39
414100;467606;46
467606;457106;63
467606;467108;23
451100;466603;167
456404;451100;71
474008;473306;78
474008;474101;19
474101;474608;60
479904;470007;101
474101;470007;72
479904;471601;17
479904;471103;90
470007;419104;90
470007;3283;62
475509;3283;14
476003;3283;91
476304;476003;24
476408;476304;36
463003;462405;49
476304;462405;129
463003;477608;38
477608;478102;80
454201;463003;88
464504;463003;105
476304;464504;88
464504;466001;84
466603;466001;8
451100;454201;111
464504;453603;75
416708;466603;8
454502;442806;65
454502;482004;114
451100;452009;25
452009;441606;98
452009;456033;53
456809;456404;44
457106;456809;18
458221;457106;37
467108;458221;24
466603;467108;39
467606;414100;46
457106;467606;63
467108;467606;23
466603;451100;167
451100;456404;71
